# candidates from usage_full.txt: layer expert count  (count=0 -> never routed)
0 0 169
0 2 687
0 5 389
0 7 635
0 9 3
0 12 2
0 19 33
0 22 150
0 34 5
0 46 280
0 57 0
0 58 55
1 6 405
1 8 628
1 33 303
1 36 644
1 37 451
1 38 586
1 43 370
1 44 705
1 59 376
2 2 326
2 36 334
2 43 418
2 52 506
3 0 458
3 1 508
3 2 347
3 10 221
3 13 419
3 17 175
3 18 311
3 21 191
3 25 324
3 28 586
3 32 634
3 48 230
3 49 586
3 50 694
3 52 368
3 53 155
3 55 47
4 0 484
4 5 318
4 7 297
4 8 459
4 13 493
4 15 310
4 22 237
4 24 637
4 26 51
4 29 652
4 30 486
4 35 477
4 38 100
4 42 192
4 44 385
4 46 53
4 49 359
4 50 390
4 53 73
4 56 85
4 57 317
4 58 75
4 60 132
5 3 187
5 9 308
5 12 264
5 18 20
5 19 552
5 20 386
5 30 361
5 32 686
5 33 530
5 34 217
5 36 621
5 40 505
5 46 488
5 49 298
5 50 533
5 54 221
5 56 227
6 0 317
6 5 700
6 6 599
6 7 399
6 12 3
6 13 64
6 14 9
6 21 37
6 25 151
6 27 600
6 28 104
6 29 472
6 30 323
6 31 31
6 34 223
6 35 678
6 37 109
6 41 467
6 45 45
6 46 256
6 51 24
6 56 291
6 60 656
6 61 702
6 63 465
7 5 678
7 6 119
7 8 39
7 15 30
7 19 657
7 20 206
7 24 166
7 30 1
7 38 634
7 40 137
7 43 224
7 44 20
7 50 326
7 51 443
7 52 437
7 53 632
7 55 115
7 63 387
8 0 24
8 2 323
8 4 0
8 9 111
8 15 149
8 17 89
8 19 180
8 20 173
8 25 420
8 28 716
8 34 318
8 40 79
8 46 337
8 56 79
8 58 102
8 63 360
9 0 195
9 2 393
9 3 336
9 10 8
9 17 412
9 19 621
9 23 255
9 32 308
9 35 665
9 43 643
9 44 573
9 45 212
9 53 599
9 55 28
9 58 32
9 59 594
10 1 536
10 10 374
10 26 583
10 36 597
10 37 341
10 40 63
10 41 583
10 45 738
10 54 691
10 58 394
11 6 211
11 25 230
11 28 616
11 32 560
11 34 48
11 42 144
11 43 712
11 45 512
11 50 494
11 53 186
12 11 151
12 13 672
12 14 137
12 18 573
12 19 525
12 28 686
12 35 311
12 37 438
12 42 387
12 46 700
12 47 511
12 52 47
12 61 730
12 63 553
13 1 654
13 8 330
13 20 695
13 24 517
13 26 648
13 27 666
13 40 728
13 41 706
13 50 554
13 52 212
13 53 726
13 60 694
13 63 450
14 5 661
14 21 395
14 30 613
14 32 349
14 44 11
14 52 587
14 55 299
14 56 534
15 15 301
15 26 725
15 39 353
15 45 81
15 48 244
15 54 336
15 59 659
15 62 350
