# uniform-random control arm (seed 1972): layer expert count
0 17 19597
0 22 150
0 26 991
0 32 18682
0 41 22630
0 44 10201
0 53 33517
0 62 6835
1 5 8307
1 9 14448
1 14 7054
1 15 42761
1 31 1885
1 33 303
1 49 4361
1 52 9257
1 53 18789
1 55 12626
2 3 3350
2 4 12971
2 11 1334
2 15 2510
2 16 1144
2 19 6256
2 20 864
2 26 7442
2 27 1216
2 28 29977
2 30 58582
2 31 2106
2 36 334
2 50 6818
2 52 506
2 58 7579
3 2 347
3 6 2442
3 7 6459
3 10 221
3 13 419
3 18 311
3 22 2432
3 24 6565
3 28 586
3 41 3318
3 43 24928
3 45 1696
3 50 694
3 56 13472
3 57 1726
3 58 2495
4 6 51497
4 10 6212
4 11 13068
4 42 192
4 44 385
4 45 1299
4 46 53
4 48 16627
4 60 132
5 5 12723
5 38 6556
5 56 227
5 61 19762
6 1 46944
6 4 7255
6 6 599
6 14 9
6 19 11422
6 20 7689
6 22 4082
6 23 63301
6 28 104
6 30 323
6 32 5288
6 34 223
6 35 678
6 37 109
6 39 1009
6 41 467
6 45 45
6 60 656
6 62 24234
6 63 465
7 5 678
7 6 119
7 9 3117
7 10 13238
7 12 13371
7 13 77970
7 14 7724
7 19 657
7 27 4663
7 28 8016
7 34 789
7 36 3898
7 39 56568
7 46 2272
7 53 632
7 58 50352
7 59 1945
7 63 387
8 3 39847
8 5 889
8 12 6840
8 24 1217
8 25 420
8 29 57057
8 31 4959
8 34 318
8 36 989
8 37 15886
8 38 9358
8 45 13131
8 50 2463
8 52 8883
8 60 60076
9 5 2663
9 11 12754
9 12 62032
9 19 621
9 23 255
9 28 2531
9 30 981
9 31 18437
9 34 62909
9 40 14852
9 41 1239
9 49 1241
9 52 3182
9 53 599
9 58 32
10 2 4930
10 6 48622
10 11 32367
10 13 2430
10 14 982
10 17 1281
10 20 24776
10 22 4802
10 24 8625
10 25 2095
10 26 583
10 37 341
10 44 62200
10 45 738
10 46 44851
10 48 59920
10 49 10370
10 51 923
10 52 1588
10 54 691
10 62 4519
11 0 1468
11 12 8948
11 19 2967
11 20 1054
11 29 42308
11 39 3478
11 41 7557
11 43 712
11 52 30606
11 54 761
11 56 46029
11 57 807
11 58 1048
12 1 3665
12 7 1411
12 11 151
12 13 672
12 15 14572
12 26 13359
12 28 686
12 30 43630
12 31 19498
12 38 50809
12 49 3570
12 51 31601
12 54 60207
12 55 20252
12 63 553
13 0 5283
13 3 4767
13 7 8910
13 8 330
13 17 6905
13 21 13339
13 26 648
13 29 7898
13 31 13917
13 32 1474
13 37 3405
13 45 60811
13 49 794
13 54 55327
13 55 55568
13 56 6609
13 59 6465
13 62 39317
14 2 1631
14 8 2741
14 11 61557
14 13 8967
14 15 1735
14 19 9568
14 25 885
14 26 1032
14 27 3875
14 29 7229
14 50 3574
14 60 52980
14 63 1500
15 1 55094
15 2 1460
15 9 49075
15 27 3730
15 33 8275
15 48 244
15 49 1290
15 62 350
15 63 773
