# candidates from /tmp/usage_pilot.txt: layer expert count  (count=0 -> never routed)
0 2 0
0 4 0
0 9 0
0 12 0
0 15 0
0 19 0
0 33 0
0 34 0
0 57 0
1 33 0
1 43 0
1 46 0
1 50 0
2 2 0
2 3 0
2 11 0
2 21 0
2 23 0
2 41 0
2 57 0
3 1 0
3 13 0
3 17 0
3 25 0
3 28 0
3 53 0
4 0 0
4 15 0
4 22 0
4 26 0
4 30 0
4 44 0
4 49 0
4 50 0
4 53 0
4 57 0
4 60 0
5 3 0
5 18 0
5 24 0
5 32 0
5 33 0
5 36 0
5 37 0
5 40 0
5 46 0
5 50 0
5 56 0
6 7 0
6 12 0
6 14 0
6 21 0
6 24 0
6 29 0
6 31 0
6 34 0
6 37 0
6 51 0
6 56 0
6 57 0
6 60 0
7 6 0
7 8 0
7 9 0
7 15 0
7 20 0
7 40 0
7 44 0
7 50 0
7 51 0
7 53 0
7 55 0
7 57 0
8 4 0
8 5 0
8 9 0
8 13 0
8 19 0
8 20 0
8 25 0
8 40 0
8 58 0
9 3 0
9 10 0
9 17 0
9 19 0
9 22 0
9 23 0
9 35 0
9 52 0
10 7 0
10 10 0
10 13 0
10 27 0
10 40 0
10 45 0
10 51 0
10 58 0
11 19 0
11 21 0
11 25 0
11 36 0
11 42 0
11 48 0
11 50 0
11 60 0
12 11 0
12 16 0
12 18 0
12 35 0
12 57 0
12 61 0
12 63 0
13 20 0
13 24 0
13 26 0
13 33 0
13 37 0
13 58 0
14 0 0
14 18 0
14 21 0
14 27 0
14 30 0
14 31 0
14 32 0
14 33 0
14 50 0
14 55 0
14 62 0
15 4 0
15 10 0
15 13 0
15 26 0
15 38 0
15 39 0
15 45 0
15 46 0
15 50 0
15 62 0
