-1 16 64
-2 1 3841822045
0 0 169
0 1 836
0 2 687
0 3 1004
0 4 1524
0 5 389
0 6 62995
0 7 635
0 8 62974
0 9 3
0 10 1105
0 11 6807
0 12 2
0 13 22676
0 14 16872
0 15 778
0 16 9701
0 17 19597
0 18 34349
0 19 33
0 20 3389
0 21 19694
0 22 150
0 23 63882
0 24 17051
0 25 1056
0 26 991
0 27 1081
0 28 5969
0 29 18586
0 30 8633
0 31 12228
0 32 18682
0 33 973
0 34 5
0 35 1338
0 36 2063
0 37 2201
0 38 864
0 39 20610
0 40 26923
0 41 22630
0 42 21181
0 43 7494
0 44 10201
0 45 12228
0 46 280
0 47 7632
0 48 7041
0 49 19265
0 50 12904
0 51 6735
0 52 10878
0 53 33517
0 54 30288
0 55 7030
0 56 1351
0 58 55
0 59 1734
0 60 8434
0 61 13344
0 62 6835
0 63 39038
1 0 961
1 1 6665
1 2 13010
1 3 6931
1 4 11298
1 5 8307
1 6 405
1 7 13873
1 8 628
1 9 14448
1 10 10130
1 11 55627
1 12 1850
1 13 19283
1 14 7054
1 15 42761
1 16 23615
1 17 1130
1 18 76080
1 19 6594
1 20 7372
1 21 22597
1 22 9846
1 23 8328
1 24 30355
1 25 25947
1 26 7505
1 27 11396
1 28 919
1 29 24491
1 30 1198
1 31 1885
1 32 7301
1 33 303
1 34 4255
1 35 3986
1 36 644
1 37 451
1 38 586
1 39 22564
1 40 2255
1 41 10759
1 42 29330
1 43 370
1 44 705
1 45 17212
1 46 803
1 47 27035
1 48 24906
1 49 4361
1 50 1258
1 51 12383
1 52 9257
1 53 18789
1 54 3903
1 55 12626
1 56 12776
1 57 6432
1 58 6639
1 59 376
1 60 18296
1 61 8695
1 62 6202
1 63 1653
2 0 5164
2 1 974
2 2 326
2 3 3350
2 4 12971
2 5 20487
2 6 7611
2 7 8303
2 8 2613
2 9 67424
2 10 9303
2 11 1334
2 12 8559
2 13 2341
2 14 59164
2 15 2510
2 16 1144
2 17 13204
2 18 8137
2 19 6256
2 20 864
2 21 1100
2 22 24317
2 23 5768
2 24 49788
2 25 12771
2 26 7442
2 27 1216
2 28 29977
2 29 1931
2 30 58582
2 31 2106
2 32 987
2 33 792
2 34 16951
2 35 2434
2 36 334
2 37 5328
2 38 12696
2 39 1068
2 40 46754
2 41 2777
2 42 6564
2 43 418
2 44 5637
2 45 26566
2 46 887
2 47 8742
2 48 960
2 49 6873
2 50 6818
2 51 11532
2 52 506
2 53 1291
2 54 1591
2 55 1646
2 56 8917
2 57 809
2 58 7579
2 59 6648
2 60 73613
2 61 33114
2 62 2468
2 63 9263
3 0 458
3 1 508
3 2 347
3 3 1683
3 4 1201
3 5 3580
3 6 2442
3 7 6459
3 8 1109
3 9 41815
3 10 221
3 11 5595
3 12 1276
3 13 419
3 14 20386
3 15 84037
3 16 11002
3 17 175
3 18 311
3 19 60921
3 20 900
3 21 191
3 22 2432
3 23 14150
3 24 6565
3 25 324
3 26 6535
3 27 1186
3 28 586
3 29 7026
3 30 3184
3 31 1128
3 32 634
3 33 8983
3 34 17284
3 35 1485
3 36 32071
3 37 13847
3 38 875
3 39 52311
3 40 1196
3 41 3318
3 42 17072
3 43 24928
3 44 32803
3 45 1696
3 46 3166
3 47 12600
3 48 230
3 49 586
3 50 694
3 51 41465
3 52 368
3 53 155
3 54 4842
3 55 47
3 56 13472
3 57 1726
3 58 2495
3 59 1953
3 60 6449
3 61 44336
3 62 58118
3 63 60243
4 0 484
4 1 5880
4 2 51697
4 3 7009
4 4 7420
4 5 318
4 6 51497
4 7 297
4 8 459
4 9 1817
4 10 6212
4 11 13068
4 12 6048
4 13 493
4 14 27406
4 15 310
4 16 6381
4 17 14977
4 18 58530
4 19 13820
4 20 845
4 21 21902
4 22 237
4 23 4003
4 24 637
4 25 74089
4 26 51
4 27 75919
4 28 11856
4 29 652
4 30 486
4 31 1441
4 32 8056
4 33 24333
4 34 1693
4 35 477
4 36 1285
4 37 11564
4 38 100
4 39 6816
4 40 18533
4 41 26353
4 42 192
4 43 14403
4 44 385
4 45 1299
4 46 53
4 47 1077
4 48 16627
4 49 359
4 50 390
4 51 17738
4 52 959
4 53 73
4 54 3998
4 55 21168
4 56 85
4 57 317
4 58 75
4 59 7292
4 60 132
4 61 28073
4 62 6050
4 63 63404
5 0 6147
5 1 3824
5 2 50328
5 3 187
5 4 873
5 5 12723
5 6 4279
5 7 1210
5 8 2687
5 9 308
5 10 795
5 11 2935
5 12 264
5 13 21456
5 14 1881
5 15 4906
5 16 12496
5 17 63065
5 18 20
5 19 552
5 20 386
5 21 63047
5 22 6317
5 23 851
5 24 786
5 25 6804
5 26 6259
5 27 3385
5 28 16741
5 29 14515
5 30 361
5 31 69067
5 32 686
5 33 530
5 34 217
5 35 4175
5 36 621
5 37 6577
5 38 6556
5 39 20363
5 40 505
5 41 19470
5 42 20463
5 43 9072
5 44 5522
5 45 908
5 46 488
5 47 9510
5 48 1083
5 49 298
5 50 533
5 51 39372
5 52 5423
5 53 25092
5 54 221
5 55 67513
5 56 227
5 57 1639
5 58 9499
5 59 9493
5 60 61348
5 61 19762
5 62 21813
5 63 1166
6 0 317
6 1 46944
6 2 891
6 3 1199
6 4 7255
6 5 700
6 6 599
6 7 399
6 8 18401
6 9 45343
6 10 7344
6 11 23935
6 12 3
6 13 64
6 14 9
6 15 8161
6 16 1994
6 17 19738
6 18 16885
6 19 11422
6 20 7689
6 21 37
6 22 4082
6 23 63301
6 24 2582
6 25 151
6 26 1373
6 27 600
6 28 104
6 29 472
6 30 323
6 31 31
6 32 5288
6 33 5177
6 34 223
6 35 678
6 36 66754
6 37 109
6 38 67193
6 39 1009
6 40 56256
6 41 467
6 42 8568
6 43 18296
6 44 6676
6 45 45
6 46 256
6 47 8334
6 48 1219
6 49 68635
6 50 1154
6 51 24
6 52 19621
6 53 7105
6 54 1469
6 55 6222
6 56 291
6 57 2539
6 58 18127
6 59 59460
6 60 656
6 61 702
6 62 24234
6 63 465
7 0 16119
7 1 29193
7 2 58780
7 3 5234
7 4 4364
7 5 678
7 6 119
7 7 6012
7 8 39
7 9 3117
7 10 13238
7 11 2281
7 12 13371
7 13 77970
7 14 7724
7 15 30
7 16 6807
7 17 6483
7 18 8757
7 19 657
7 20 206
7 21 63864
7 22 2361
7 23 16953
7 24 166
7 25 990
7 26 8298
7 27 4663
7 28 8016
7 29 1219
7 30 1
7 31 7407
7 32 911
7 33 46926
7 34 789
7 35 56068
7 36 3898
7 37 6166
7 38 634
7 39 56568
7 40 137
7 41 1690
7 42 12685
7 43 224
7 44 20
7 45 67699
7 46 2272
7 47 14020
7 48 12562
7 49 2173
7 50 326
7 51 443
7 52 437
7 53 632
7 54 10504
7 55 115
7 56 5820
7 57 1140
7 58 50352
7 59 1945
7 60 2891
7 61 1586
7 62 12463
7 63 387
8 0 24
8 1 40835
8 2 323
8 3 39847
8 5 889
8 6 26887
8 7 33186
8 8 1833
8 9 111
8 10 12077
8 11 910
8 12 6840
8 13 2109
8 14 1994
8 15 149
8 16 47245
8 17 89
8 18 22487
8 19 180
8 20 173
8 21 4293
8 22 6414
8 23 1119
8 24 1217
8 25 420
8 26 14789
8 27 6564
8 28 716
8 29 57057
8 30 12327
8 31 4959
8 32 76422
8 33 17880
8 34 318
8 35 23187
8 36 989
8 37 15886
8 38 9358
8 39 2260
8 40 79
8 41 7173
8 42 1183
8 43 4564
8 44 10549
8 45 13131
8 46 337
8 47 770
8 48 12076
8 49 8570
8 50 2463
8 51 10309
8 52 8883
8 53 1432
8 54 5541
8 55 1556
8 56 79
8 57 2503
8 58 102
8 59 61075
8 60 60076
8 61 13178
8 62 29248
8 63 360
9 0 195
9 1 1252
9 2 393
9 3 336
9 4 47231
9 5 2663
9 6 48335
9 7 8116
9 8 59559
9 9 9500
9 10 8
9 11 12754
9 12 62032
9 13 36706
9 14 926
9 15 1143
9 16 15414
9 17 412
9 18 1228
9 19 621
9 20 14784
9 21 17314
9 22 2804
9 23 255
9 24 25700
9 25 3630
9 26 6472
9 27 7911
9 28 2531
9 29 773
9 30 981
9 31 18437
9 32 308
9 33 1374
9 34 62909
9 35 665
9 36 2246
9 37 1140
9 38 1603
9 39 65628
9 40 14852
9 41 1239
9 42 43230
9 43 643
9 44 573
9 45 212
9 46 4862
9 47 7515
9 48 4315
9 49 1241
9 50 13137
9 51 14938
9 52 3182
9 53 599
9 54 12213
9 55 28
9 56 2356
9 57 25271
9 58 32
9 59 594
9 60 14305
9 61 22277
9 62 8123
9 63 7574
10 0 1343
10 1 536
10 2 4930
10 3 1340
10 4 79501
10 5 2786
10 6 48622
10 7 1028
10 8 12937
10 9 2003
10 10 374
10 11 32367
10 12 2232
10 13 2430
10 14 982
10 15 3337
10 16 939
10 17 1281
10 18 8024
10 19 18949
10 20 24776
10 21 3438
10 22 4802
10 23 1125
10 24 8625
10 25 2095
10 26 583
10 27 3361
10 28 2261
10 29 5961
10 30 40521
10 31 8561
10 32 993
10 33 3695
10 34 14741
10 35 2198
10 36 597
10 37 341
10 38 15296
10 39 1395
10 40 63
10 41 583
10 42 2979
10 43 66127
10 44 62200
10 45 738
10 46 44851
10 47 1814
10 48 59920
10 49 10370
10 50 2836
10 51 923
10 52 1588
10 53 1794
10 54 691
10 55 7425
10 56 12791
10 57 28126
10 58 394
10 59 61147
10 60 1317
10 61 1483
10 62 4519
10 63 3615
11 0 1468
11 1 1170
11 2 9634
11 3 1179
11 4 3283
11 5 6980
11 6 211
11 7 8003
11 8 1342
11 9 10633
11 10 9977
11 11 1170
11 12 8948
11 13 13022
11 14 40852
11 15 1251
11 16 2253
11 17 7507
11 18 1745
11 19 2967
11 20 1054
11 21 1304
11 22 24390
11 23 38677
11 24 2126
11 25 230
11 26 4563
11 27 24389
11 28 616
11 29 42308
11 30 3303
11 31 1453
11 32 560
11 33 49338
11 34 48
11 35 1300
11 36 3501
11 37 58903
11 38 18270
11 39 3478
11 40 4115
11 41 7557
11 42 144
11 43 712
11 44 58146
11 45 512
11 46 7994
11 47 16230
11 48 803
11 49 2812
11 50 494
11 51 77267
11 52 30606
11 53 186
11 54 761
11 55 8468
11 56 46029
11 57 807
11 58 1048
11 59 5778
11 60 1381
11 61 1521
11 62 54177
11 63 8646
12 0 1333
12 1 3665
12 2 890
12 3 13623
12 4 5945
12 5 15456
12 6 54909
12 7 1411
12 8 23026
12 9 31899
12 10 9093
12 11 151
12 12 13428
12 13 672
12 14 137
12 15 14572
12 16 2280
12 17 46537
12 18 573
12 19 525
12 20 1278
12 21 1650
12 22 1438
12 23 52228
12 24 6493
12 25 1298
12 26 13359
12 27 961
12 28 686
12 29 19463
12 30 43630
12 31 19498
12 32 6332
12 33 948
12 34 3788
12 35 311
12 36 3588
12 37 438
12 38 50809
12 39 1211
12 40 6094
12 41 1121
12 42 387
12 43 5608
12 44 3755
12 45 7389
12 46 700
12 47 511
12 48 2775
12 49 3570
12 50 1344
12 51 31601
12 52 47
12 53 2512
12 54 60207
12 55 20252
12 56 13005
12 57 2640
12 58 58478
12 59 53478
12 60 1809
12 61 730
12 62 1502
12 63 553
13 0 5283
13 1 654
13 2 66577
13 3 4767
13 4 29293
13 5 55381
13 6 54121
13 7 8910
13 8 330
13 9 21836
13 10 9661
13 11 15542
13 12 3857
13 13 3173
13 14 3677
13 15 1588
13 16 954
13 17 6905
13 18 8606
13 19 826
13 20 695
13 21 13339
13 22 2127
13 23 17995
13 24 517
13 25 29959
13 26 648
13 27 666
13 28 3850
13 29 7898
13 30 3786
13 31 13917
13 32 1474
13 33 3564
13 34 1088
13 35 1878
13 36 1007
13 37 3405
13 38 4141
13 39 18532
13 40 728
13 41 706
13 42 17687
13 43 12862
13 44 1382
13 45 60811
13 46 1172
13 47 19164
13 48 1159
13 49 794
13 50 554
13 51 25382
13 52 212
13 53 726
13 54 55327
13 55 55568
13 56 6609
13 57 2852
13 58 3644
13 59 6465
13 60 694
13 61 2908
13 62 39317
13 63 450
14 0 2629
14 1 2153
14 2 1631
14 3 1085
14 4 8036
14 5 661
14 6 29529
14 7 17338
14 8 2741
14 9 58929
14 10 4271
14 11 61557
14 12 63078
14 13 8967
14 14 767
14 15 1735
14 16 928
14 17 3412
14 18 3790
14 19 9568
14 20 1243
14 21 395
14 22 47765
14 23 1054
14 24 44824
14 25 885
14 26 1032
14 27 3875
14 28 8486
14 29 7229
14 30 613
14 31 1131
14 32 349
14 33 1424
14 34 2728
14 35 6520
14 36 27354
14 37 6985
14 38 1734
14 39 11168
14 40 14926
14 41 2031
14 42 61865
14 43 1308
14 44 11
14 45 25022
14 46 4408
14 47 6181
14 48 3293
14 49 6499
14 50 3574
14 51 3714
14 52 587
14 53 1321
14 54 10429
14 55 299
14 56 534
14 57 3272
14 58 66008
14 59 910
14 60 52980
14 61 18163
14 62 1166
14 63 1500
15 0 5271
15 1 55094
15 2 1460
15 3 29489
15 4 1100
15 5 5621
15 6 2460
15 7 1477
15 8 62859
15 9 49075
15 10 3703
15 11 14133
15 12 24606
15 13 3599
15 14 1020
15 15 301
15 16 1179
15 17 10281
15 18 20442
15 19 11674
15 20 1583
15 21 1780
15 22 1603
15 23 2509
15 24 38816
15 25 1708
15 26 725
15 27 3730
15 28 4838
15 29 50457
15 30 43797
15 31 8061
15 32 8578
15 33 8275
15 34 2643
15 35 7330
15 36 16086
15 37 14806
15 38 766
15 39 353
15 40 9086
15 41 4534
15 42 1983
15 43 3118
15 44 13403
15 45 81
15 46 3795
15 47 1124
15 48 244
15 49 1290
15 50 3488
15 51 1269
15 52 37525
15 53 7089
15 54 336
15 55 1809
15 56 892
15 57 13531
15 58 61786
15 59 659
15 60 57337
15 61 810
15 62 350
15 63 773
